0001101000100000
0000010000001101
0000111100010001
0010000010110100
0000001101100001
0010001010001111
0001100111011011
0000100111010100
0001010111101111
0001000011000110
0010010001110000
0001001010111000
0000110011000000
0000111011100011
0001110010001111
0000110111001101
0000110001000111
0010010000110101
0000110000110000
0000011110111010
0001010010000011
0000011101001101
0000100010111110
0000010001110110
0000010110110001
0001000001101110
0001000010111000
0000111110100001
0001011110100001
0001000001000111
0000110111100101
0000010110101110
0000010110001011
0001111010010010
0001000011010110
0010000101110100
0001001110111000
0001110000010101
0001010001111010
0001011011011011
0000011000001111
0000001010010100
0001111110011011
0010001011010011
0001110001001011
0001010001100111
0001111001111000
0000000011110110
0001100011101010
0000000110000100
0001111000110110
0001101101100001
0000110101010100
0001011111101100
0001100101000010
0001101000110010
0010001111111100
0001111010001100
0001110100000011
0000011011110100
0010010101011011
0000111111001001
0001010101110110
0000111111000110
0001011001110101
0001111001110111
0010010111011000
0010000101111110
0000001100101000
0010010001010110
0000001010010010
0001110101011101
0001011111101101
0000010000000111
0001100100110110
0000000011110010
0001101111111100
0000010110000011
0001000111010101
0001111110011010
0000101110000001
0010010010000010
0000111000111100
0000111000100010
0001011100010111
0001101100000101
0010001100111100
0000111101000100
0001101101100110
0001110000101001
0000101100011111
0000001100100110
0000101111100100
0000001000110101
0000100111101110
0001011011111001
0010000011100111
0000000011001111
0010001011110001
0000000100011101
0010000111101011
0001010010010101
0001011100110000
0001100001011011
0000101100010100
0001001111010001
0010010101010100
0000111000101101
0001100101011000
0001101011111101
0001100011111000
0000011010111011
0010001011101011
0001111110001011
0000100011110011
0000110100000000
0000000110111101
0000010011011000
0010000110111010
0001101010101000
0001011111100101
0001010000011001
0000011111110110
0000111001110101
0001001110101011
0010010011100111
0000100010001111
0010001100000011
0010011000001010
0001111011000011
0001111100011100
0001010011111001
0000011111110000
0000001000101010
0001101001110010
0001011010000110
0010001110001110
0000111111010000
0001100010110101
0001101110001000
0001100010001100
0001101010100000
0010000011010010
0000011100110110
0010001000011111
0001011011100010
0001001101010001
0000000001111110
0001101000001011
0000100110100111
0010001011100111
0000110000100010
0000010001100101
0001111000111111
0000011100010010
0000011110110010
0010000000011110
0001000110101110
0001111101100000
0000000101111000
0001100110110001
0000011010110001
0000100100101001
0010011011101100
0000000101100100
0001111111011000
0010010101000000
0000110011000010
0001011111111001
0000001111100010
0001110000101110
0001110110111001
0000000010000100
0001011001111010
0000010110111010
0001100001100110
0000111100001100
0000101011100001
0001010010111000
0000110110110010
0000100111010001
0001001000011011
0010001011011011
0001110001000111
0000110110110100
0001000000011101
0001000101100001
0000111010110101
0000011100110111
0000101100110001
0001101011011010
0001010000110001
0000001001000011
0010001001100101
0010011010011101
0001111010000001
0000001000000101
0000001100110100
0010010010101110
0010000010010110
0001001101000000
0001100111000001
0001001100101000
0000000100001001
0000000010100010
0010010111001100
0001100001111001
0000011011000100
0001101000111000
0000001101101011
0000001100010011
0001001011000110
0001011001000000
0001111011010101
0000000001101110
0000000110011000
0010010111000110
0001000000111100
0000001011010101
0001110100010110
0001111010111000
0000101111010000
0001010010011101
0000001001110101
0010000111110000
0001011110010011
0001010001100110
0000111001011000
0001110000101110
0000100100001101
0001010100101101
0010000000000111
0000101001111110
0001111010110110
0000010010010110
0010000000100110
0010001011100111
0001011101010011
0001101100110000
0010001111010111
0000101111101110
0001010110001100
0000111001111111
0001101000010011
0001100001001000
0010001100111011
0000100111101000
0000101010001001
0000111100001110
0001000100101110
0000100101011001
0000101101001101
0010001111101110
0000111101000101
0001011000011110
0010011000000001
0000010000110001
0000001010101110
0010011001001100
0000001101101111
0001100011001100
0001100111011100
0000011000010110
0000001000011010
0001111010100000
0010010111001001
0001010111100010
0010010001100011
0000000101000001
0000011000100000
0000101111111000
0001011011100000
0001011110111010
0010010000100010
0000010000101000
0001011010111001
0000000100111110
0000001110000010
0000101100010111
0001110010001100
0000011001011111
0010011010110000
0001001101001001
0001011001000000
0000010101100010
0010001010110000
0001010001001000
0001000000100010
0001010110100001
0000001001000010
0010011011000111
0000001000110101
0000110101111011
0010000011001011
0001100001111101
0000011001000010
0001110100110001
0000000111101010
0010001000011000
0000110000011111
0000101101011001
0001001100100110
0001010110010011
0001101100101100
0001110111001100
0001001011111001
0000100000101011
0000110010011111
0000100010010000
0000001011011111
0001101010100000
0000011100100100
0001010100010111
0001011101000111
0001101011000110
0001101001101111
0000111111000111
0001000100100001
0000111011110100
0010000001100000
0010001000100010
0010001111111101
0000101100010101
0001000101111100
0001111110010101
0000110000000010
0001111000001110
0001001110101110
0001001111001011
0001111100000011
0001110110010000
0001001100110001
0000100101010110
0000011010001110
0010000001001110
0001100100111111
0000101000011101
0001001101110100
0001000110000100
0001011111011011
0010011001010111
0000000100000001
0001100111001011
0010001000100100
0010010111010001
0000101100010100
0000101010000100
0010010111001100
0001010010000101
0000010010111001
0010010110100111
0010000101001110
0010001000111100
0000011000011000
0001011101101010
0001111011110011
0010010010011001
0010001101111101
0010000001111101
0000100101010110
0001011110010101
0001101011101100
0001010110011011
0010010101000011
0001001101101101
0000011100010000
0010000111011100
0000110001100011
0001011111011000
0010001111001100
0000001100001011
0001010001111100
0010011001101010
0001001101010001
0001100111100100
0001111010110111
0000111111101100
0000001001100001
0001000101101000
0010001000111010
0001101000010011
0001101001100010
0001101111011011
0000010110000010
0001100010011001
0000000011100000
0001010011010000
0010001001111010
0010000101101100
0000100001010011
0010001101100111
0000011111100100
0000100011111100
0000100001010111
0001101000000000
0001010001110110
0000101101011010
0000001010010011
0010001000100011
0001011011001100
0010010010010000
0010010000110011
0010001101110110
0001011000011100
0010001011100110
0001100011111011
0001110000101110
0000110100000110
0000001100010110
0001010101000001
0001011110000111
0010000001001111
0001000111000100
0000111111001111
0000001010101011
0000110110101001
0000010010000110
0000011111001010
0001101100101110
0001010110001100
0010001101010001
0001110011101111
0001111101000010
0000110111100000
0000011001010000
0000000000011110
0001010101011101
0000100000000001
0001010000011001
0000100100001101
0001100100101100
0000000101001110
0001100101010011
0000101001110100
0010001010010101
0001000001110101
0000010111000001
0010010111111000
0001011010000000
0000111001010011
0001110110011010
0001001110001101
0000000000101010
0001010101001000
0001000100000001
0001001001011101
0010001110000100
0001101000100111
0001001010000101
0000011110000100
0010000000010110
0000011010001010
0000101010111110
0010010000000100
0001111111100010
0000010101001001